# dividir matriz entre 3 y utilizar hilos de ejecucion, ejecutar los hilos hasta llegar a 5millones de iteraciones (1min aprox)
#5 millones se obtiene de calcular el factorial 
import random

matriz5 = [
    [0, 26, 17, 15, 27],
    [26, 0, 15, 12, 4],
    [17, 15, 0, 2, 18],
    [15, 12, 2, 0, 17],
    [27, 4, 18, 17, 0]
]

matriz7 = [
    [0, 3, 18, 10, 12, 17, 18],
    [3, 0, 11, 20, 8, 16, 1],
    [18, 11, 0, 0, 20, 14, 11],
    [10, 20, 0, 0, 9, 8, 14],
    [12, 8, 20, 9, 0, 13, 17],
    [17, 16, 14, 8, 13, 0, 13],
    [18, 1, 11, 14, 17, 13, 0]
]

matriz = [
    [0, 0, 7, 4, 11, 5, 4, 19, 1, 4],
    [0, 0, 10, 3, 18, 18, 1, 7, 13, 13],
    [7, 10, 0, 10, 4, 5, 18, 17, 13, 11],
    [4, 3, 10, 0, 20, 10, 0, 11, 18, 14],
    [11, 18, 4, 20, 0, 6, 10, 6, 0, 0],
    [5, 18, 5, 10, 6, 0, 7, 19, 19, 6],
    [4, 1, 18, 0, 10, 7, 0, 0, 3, 1],
    [19, 7, 17, 11, 6, 19, 0, 0, 2, 5],
    [1, 13, 13, 18, 0, 19, 3, 2, 0, 15],
    [4, 13, 11, 14, 0, 6, 1, 5, 15, 0]
]
