0  ,14 ,46 ,15 ,42 ,2 
14 ,0  ,27 ,44 ,48 ,2 
46 ,27 ,0  ,47 ,5  ,23
15 ,44 ,47 ,0  ,39 ,17
42 ,48 ,5  ,39 ,0  ,47
2  ,2  ,23 ,17 ,47 ,0 