0  ,14 ,46 ,15 ,42 ,2  ,34
14 ,0  ,27 ,44 ,48 ,2  ,8 
46 ,27 ,0  ,47 ,5  ,23 ,41
15 ,44 ,47 ,0  ,39 ,17 ,34
42 ,48 ,5  ,39 ,0  ,47 ,6 
2  ,2  ,23 ,17 ,47 ,0  ,25
34 ,8  ,41 ,34 ,6  ,25 ,0 