0  ,14 ,46 ,15 ,42 ,2  ,34 ,43
14 ,0  ,27 ,44 ,48 ,2  ,8  ,7 
46 ,27 ,0  ,47 ,5  ,23 ,41 ,29
15 ,44 ,47 ,0  ,39 ,17 ,34 ,27
42 ,48 ,5  ,39 ,0  ,47 ,6  ,48
2  ,2  ,23 ,17 ,47 ,0  ,25 ,36
34 ,8  ,41 ,34 ,6  ,25 ,0  ,49
43 ,7  ,29 ,27 ,48 ,36 ,49 ,0 