0  ,14 ,46 ,15 ,42 ,2  ,34 ,43 ,9 
14 ,0  ,27 ,44 ,48 ,2  ,8  ,7  ,20
46 ,27 ,0  ,47 ,5  ,23 ,41 ,29 ,15
15 ,44 ,47 ,0  ,39 ,17 ,34 ,27 ,49
42 ,48 ,5  ,39 ,0  ,47 ,6  ,48 ,32
2  ,2  ,23 ,17 ,47 ,0  ,25 ,36 ,14
34 ,8  ,41 ,34 ,6  ,25 ,0  ,49 ,22
43 ,7  ,29 ,27 ,48 ,36 ,49 ,0  ,20
9  ,20 ,15 ,49 ,32 ,14 ,22 ,20 ,0 